tag	dbh
000003	14
000003	26
000005	14
000005	12
000007	14
000007	15
000008	20
000008	78
000009	17
000009	29
000011	69
000011	24
000011	13
000011	15
000011	16
000011	12
000011	11
000026	23
000026	14
000026	13
000026	73
000026	36
000026	29
000031	11
000031	201
000038	19
000038	18
000039	10
000039	10
000039	485
000041	12
000041	18
000041	15
000044	12
000044	14
000051	17
000051	10
000051	22
000051	34
000058	16
000058	15
000058	31
000058	41
000060	17
000060	15
000065	12
000065	13
000073	20
000073	12
000075	15
000075	13
000075	11
000075	56
000077	19
000077	19
000077	27
000077	17
000077	22
000082	23
000082	49
000088	11
000088	28
000092	14
000092	22
000095	15
000095	32
000102	10
000102	24
000103	12
000103	11
000110	37
000110	11
000110	39
000113	11
000113	15
000115	23
000115	32
000115	36
000120	16
000120	66
000123	23
000123	13
000123	23
000126	13
000126	18
000140	34
000140	32
000140	12
000140	21
000141	13
000141	15
000141	19
000141	14
000141	65
000144	13
000144	11
000146	13
000146	29
000152	33
000152	35
000153	44
000153	57
000155	39
000155	34
000155	55
000155	75
000155	18
000159	15
000159	50
000163	31
000163	24
000172	13
000172	20
000185	13
000185	23
000191	46
000191	68
000195	65
000195	55
000199	15
000199	26
000199	38
000205	22
000205	34
000211	16
000211	62
000215	15
000215	21
000232	10
000232	29
000234	10
000234	25
000234	32
000235	25
000235	10
000235	30
000237	16
000237	17
000240	11
000240	33
000243	55
000243	182
000245	25
000245	15
000245	16
000245	13
000245	19
000247	16
000247	25
000247	21
000254	12
000254	39
000276	27
000276	28
000285	13
000285	10
000285	32
000285	15
000288	21
000288	28
000288	27
000288	19
000293	10
000293	22
000308	11
000308	17
000309	10
000309	15
000309	14
000319	20
000319	22
000319	20
000326	40
000326	15
000326	13
000326	78
000326	79
000326	134
000332	23
000332	29
000336	35
000336	27
000337	24
000337	14
000337	11
000344	109
000344	37
000359	50
000359	60
000359	26
000359	10
000360	16
000360	15
000366	15
000366	11
000376	29
000376	40
000380	17
000380	57
000381	75
000381	14
000391	43
000391	28
000410	16
000410	18
000411	13
000411	21
000416	40
000416	24
000422	14
000422	12
000422	15
000462	16
000462	18
000462	29
000488	10
000488	15
000498	11
000498	14
000498	30
000504	26
000504	12
000506	14
000506	13
000515	15
000515	14
000539	118
000539	105
000545	23
000545	31
000546	13
000546	11
000547	13
000547	10
000548	12
000548	16
000555	16
000555	17
000555	13
000564	13
000564	12
000566	234
000566	236
000571	43
000571	32
000588	12
000588	24
000589	13
000589	15
000590	11
000590	23
000599	15
000599	25
000604	36
000604	16
000614	13
000614	14
000618	48
000618	42
000619	23
000619	11
000623	11
000623	11
000629	24
000629	10
000634	13
000634	12
000646	14
000646	16
000649	25
000649	10
000649	28
000654	48
000654	51
000660	24
000660	24
000660	16
000660	20
000660	55
000665	40
000665	18
000669	188
000669	117
000683	24
000683	42
000686	20
000686	23
000686	12
000721	16
000721	10
000729	43
000729	39
000730	12
000730	15
000734	27
000734	15
000735	11
000735	13
000735	25
000735	29
000740	24
000740	31
000740	12
000740	18
000740	16
000740	10
000763	25
000763	27
000769	33
000769	36
000769	29
000769	31
000769	28
000769	34
000769	36
000769	37
000769	31
000773	33
000773	36
000774	22
000774	14
000774	10
000775	28
000775	34
000779	15
000779	19
000780	47
000780	16
000782	20
000782	10
000784	17
000784	11
000787	12
000787	15
000793	14
000793	24
000818	20
000818	18
000825	10
000825	13
000825	12
000825	62
000825	12
000835	19
000835	17
000851	20
000851	24
000895	398
000895	381
000901	40
000901	22
000901	17
000909	31
000909	23
000917	17
000917	20
000925	14
000925	18
000927	165
000927	329
000930	40
000930	33
000938	20
000938	22
000938	19
000944	43
000944	33
000944	12
000950	66
000950	26
000954	12
000954	17
000955	15
000955	12
000956	12
000956	26
000970	15
000970	15
000973	18
000973	28
000975	15
000975	11
000975	14
000978	12
000978	12
000983	29
000983	15
000983	29
000989	46
000989	12
000994	20
000994	36
001008	75
001008	59
001009	14
001009	27
001023	11
001023	17
001023	21
001031	24
001031	19
001033	22
001033	11
001034	17
001034	17
001035	16
001035	10
001054	18
001054	59
001086	33
001086	33
001099	27
001099	36
001099	32
001100	37
001100	36
001100	29
001100	30
001100	31
001100	32
001100	32
001102	27
001102	39
001103	11
001103	29
001106	20
001106	17
001119	29
001119	13
001119	21
001119	21
001119	41
001123	28
001123	39
001130	38
001130	23
001130	83
001135	19
001135	11
001137	22
001137	22
001138	12
001138	24
001138	28
001145	18
001145	36
001151	10
001151	15
001159	12
001159	18
001165	101
001165	37
001165	108
001165	89
001169	11
001169	29
001169	34
001169	32
001172	31
001172	22
001172	13
001174	27
001174	11
001178	13
001178	12
001184	12
001184	32
001184	15
001188	11
001188	143
001191	10
001191	15
001191	14
001196	42
001196	49
001197	28
001197	39
001200	12
001200	14
001202	41
001202	10
001203	11
001203	19
001204	12
001204	13
001204	10
001205	24
001205	19
001205	10
001210	38
001210	31
001234	17
001234	14
001235	38
001235	31
001236	12
001236	15
001237	28
001237	21
001246	20
001246	44
001246	65
001248	16
001248	14
001248	14
001248	16
001249	12
001249	13
001252	49
001252	55
001256	21
001256	37
001256	27
001258	12
001258	25
001259	21
001259	146
001263	24
001263	37
001263	41
001263	33
001263	36
001263	40
001263	27
001263	42
001263	38
001263	30
001268	14
001268	14
001270	20
001270	33
001272	15
001272	15
001273	12
001273	22
001273	12
001273	21
001274	21
001274	11
001274	10
001274	31
001275	25
001275	23
001275	30
001275	22
001275	26
001275	13
001279	48
001279	33
001281	20
001281	13
001282	23
001282	24
001283	14
001283	20
001286	12
001286	12
001286	13
001288	191
001288	155
001290	26
001290	29
001290	11
001290	15
001290	17
001291	40
001291	30
001291	23
001295	26
001295	31
001297	25
001297	22
001304	22
001304	35
001306	28
001306	334
001307	40
001307	12
001313	31
001313	179
001316	10
001316	132
001317	24
001317	14
001317	45
001317	15
001317	23
001317	31
001323	16
001323	16
001325	12
001325	16
001325	17
001325	39
001325	47
001325	11
001326	15
001326	15
001328	45
001328	17
001331	11
001331	12
001334	21
001334	41
001334	51
001334	18
001338	18
001338	12
001338	15
001338	19
001338	12
001339	12
001339	19
001340	22
001340	17
001342	18
001342	16
001343	29
001343	16
001343	16
001343	19
001345	35
001345	64
001345	12
001355	18
001355	24
001357	17
001357	16
001359	17
001359	16
001359	25
001371	16
001371	12
001379	25
001379	128
001382	12
001382	16
001390	18
001390	23
001400	10
001400	15
001407	36
001407	37
001412	13
001412	13
001414	25
001414	27
001422	10
001422	13
001426	12
001426	32
001426	14
001433	15
001433	15
001438	28
001438	30
001443	15
001443	21
001447	12
001447	18
001449	11
001449	14
001449	11
001465	13
001465	11
001472	16
001472	21
001484	14
001484	15
001484	24
001486	95
001486	81
001490	170
001490	230
001496	18
001496	18
001498	22
001498	19
001499	11
001499	22
001511	98
001511	46
001511	221
001517	43
001517	81
001517	38
001519	40
001519	28
001522	23
001522	41
001548	37
001548	200
001550	22
001550	13
001552	12
001552	19
001553	34
001553	16
001554	18
001554	33
001554	28
001574	38
001574	41
001574	28
001580	17
001580	12
001580	15
001580	19
001582	14
001582	15
001584	12
001584	257
001593	20
001593	24
001599	14
001599	58
001599	18
001607	21
001607	19
001611	37
001611	14
001619	30
001619	17
001619	26
001629	30
001629	22
001634	150
001634	13
001649	54
001649	27
001649	20
001658	58
001658	63
001658	44
001658	32
001661	12
001661	18
001661	12
001661	24
001662	11
001662	17
001672	28
001672	31
001676	15
001676	17
001676	18
001678	27
001678	16
001680	16
001680	25
001680	10
001680	10
001686	24
001686	22
001694	28
001694	11
001695	22
001695	10
001695	12
001695	25
001699	15
001699	19
001706	17
001706	11
001706	17
001711	24
001711	29
001713	26
001713	11
001720	28
001720	25
001727	14
001727	31
001727	11
001727	18
001728	16
001728	14
001733	30
001733	14
001733	44
001753	13
001753	47
001755	16
001755	16
001755	10
001755	27
001765	34
001765	42
001767	54
001767	32
001767	30
001775	15
001775	10
001775	11
001775	29
002001	11
002001	29
002002	20
002002	57
002007	13
002007	12
002018	10
002018	14
002019	12
002019	22
002027	28
002027	26
002027	148
002027	14
002045	44
002045	31
002052	21
002052	13
002052	13
002053	24
002053	14
002056	26
002056	26
002062	14
002062	14
002065	19
002065	31
002066	33
002066	35
002067	14
002067	39
002071	11
002071	10
002072	11
002072	21
002073	14
002073	69
002073	15
002075	24
002075	14
002082	10
002082	12
002086	14
002086	19
002088	14
002088	26
002098	11
002098	26
002098	20
002101	11
002101	28
002102	45
002102	51
002111	19
002111	12
002115	28
002115	12
002116	45
002116	79
002117	31
002117	20
002118	27
002118	12
002118	44
002121	22
002121	20
002121	28
002122	20
002122	31
002126	28
002126	15
002128	27
002128	21
002130	11
002130	29
002131	31
002131	10
002132	15
002132	21
002132	23
002132	14
002140	15
002140	135
002140	21
002143	26
002143	12
002144	28
002144	20
002147	23
002147	148
002149	19
002149	13
002152	10
002152	11
002154	33
002154	48
002154	22
002156	15
002156	16
002156	28
002156	18
002158	19
002158	13
002158	40
002161	33
002161	39
002173	13
002173	31
002173	11
002176	12
002176	17
002177	10
002177	38
002178	10
002178	11
002178	35
002179	12
002179	25
002180	11
002180	24
002180	13
002184	10
002184	11
002185	24
002185	13
002185	38
002186	19
002186	11
002186	22
002186	29
002186	15
002187	12
002187	19
002187	12
002187	119
002187	13
002187	14
002187	15
002187	13
002188	26
002188	10
002190	14
002190	24
002197	48
002197	50
002197	65
002212	14
002212	11
002212	10
002212	28
002224	50
002224	14
002224	47
002224	56
002228	11
002228	12
002239	28
002239	39
002243	128
002243	92
002244	21
002244	35
002246	19
002246	10
002246	19
002252	14
002252	38
002261	12
002261	13
002261	36
002270	11
002270	11
002270	25
002283	53
002283	50
002283	16
002287	20
002287	20
002287	18
002287	26
002299	16
002299	18
002303	13
002303	28
002303	24
002305	18
002305	16
002306	345
002306	818
002308	13
002308	13
002308	43
002311	10
002311	14
002314	21
002314	24
002314	26
002314	22
002314	20
002314	23
002314	23
002314	26
002314	28
002314	27
002314	20
002314	28
002314	27
002314	21
002314	25
002314	23
002314	26
002314	28
002314	25
002314	28
002314	27
002314	26
002314	28
002314	27
002314	20
002314	24
002314	27
002314	24
002314	21
002314	23
002314	22
002314	27
002314	24
002314	25
002314	31
002314	24
002314	27
002314	24
002314	25
002314	25
002314	27
002314	22
002315	11
002315	20
002319	30
002319	19
002319	19
002319	19
002319	24
002319	22
002324	22
002324	21
002325	17
002325	21
002325	23
002325	21
002325	20
002325	21
002330	76
002330	16
002355	48
002355	23
002364	10
002364	10
002371	30
002371	25
002371	27
002372	28
002372	29
002374	26
002374	26
002374	26
002374	27
002375	30
002375	25
002375	27
002375	24
002375	20
002375	20
002375	28
002375	28
002375	26
002375	24
002376	23
002376	24
002379	23
002379	21
002379	30
002379	32
002379	24
003009	29
003009	32
003011	11
003011	22
003014	17
003014	24
003016	26
003016	22
003019	10
003019	24
003020	14
003020	74
003022	16
003022	23
003024	11
003024	26
003026	14
003026	17
003031	22
003031	20
003031	26
003032	14
003032	10
003048	41
003048	39
003052	18
003052	17
003052	13
003057	49
003057	20
003057	106
003058	10
003058	35
003068	236
003068	342
003071	33
003071	34
003071	29
003071	32
003079	19
003079	14
003085	21
003085	38
003087	26
003087	31
003090	25
003090	17
003092	65
003092	14
003092	28
003092	21
003092	25
003100	36
003100	53
003101	31
003101	20
003101	41
003105	10
003105	15
003107	17
003107	29
003113	14
003113	15
003115	11
003115	11
003119	43
003119	22
003119	61
003120	11
003120	14
003121	18
003121	26
003125	14
003125	15
003126	12
003126	13
003128	12
003128	13
003141	20
003141	50
003148	16
003148	23
003150	16
003150	27
003151	11
003151	32
003153	12
003153	13
003157	11
003157	16
003159	19
003159	37
003163	25
003163	20
003163	25
003166	12
003166	18
003170	12
003170	22
003192	86
003192	20
003192	126
003199	15
003199	12
003199	28
003205	22
003205	30
003210	13
003210	18
003210	24
003211	12
003211	16
003214	17
003214	44
003224	16
003224	17
003225	11
003225	13
003245	10
003245	18
003246	13
003246	11
003246	28
003249	10
003249	25
003251	15
003251	21
003258	13
003258	35
003266	18
003266	30
003267	10
003267	30
003276	10
003276	10
003285	11
003285	15
003289	270
003289	262
003298	12
003298	10
003298	29
003299	13
003299	20
003302	12
003302	25
003303	101
003303	26
003304	24
003304	42
003305	13
003305	12
003305	23
003307	11
003307	16
003308	12
003308	13
003315	13
003315	52
003321	11
003321	13
003322	10
003322	14
003324	15
003324	17
003331	15
003331	20
003333	12
003333	11
003333	17
003336	31
003336	34
003341	13
003341	18
003346	21
003346	27
003346	29
003350	10
003350	21
003359	15
003359	36
003361	52
003361	15
003361	48
003363	12
003363	14
003364	12
003364	15
003365	52
003365	78
003366	12
003366	28
003379	30
003379	16
003379	46
003386	74
003386	140
003388	15
003388	19
003397	20
003397	13
003397	35
003411	12
003411	29
003448	10
003448	10
003450	32
003450	29
003456	10
003456	27
003460	54
003460	27
003460	26
003460	17
003460	16
003460	105
003466	10
003466	10
003472	14
003472	15
003478	12
003478	44
003482	12
003482	18
003493	30
003493	34
003494	16
003494	18
003494	42
003498	17
003498	25
003504	14
003504	11
003504	34
003521	13
003521	16
003524	12
003524	60
003533	22
003533	32
003537	25
003537	11
003537	11
003537	21
003537	102
003541	12
003541	13
003543	13
003543	42
003549	47
003549	67
003551	22
003551	25
003570	17
003570	39
003618	12
003618	45
003624	28
003624	39
003629	10
003629	10
003629	14
003651	13
003651	91
003653	11
003653	21
003664	20
003664	18
003664	55
003669	12
003669	17
003685	16
003685	34
003690	19
003690	10
003706	29
003706	31
003707	14
003707	59
003708	20
003708	33
003709	11
003709	12
003728	10
003728	49
003736	11
003736	10
003736	11
003744	11
003744	46
003748	73
003748	61
003748	91
003762	18
003762	18
003782	12
003782	20
003802	13
003802	50
003808	15
003808	17
003810	16
003810	32
003830	36
003830	20
003830	61
003841	12
003841	38
003842	11
003842	16
003844	19
003844	29
003858	16
003858	64
003860	25
003860	49
003868	12
003868	16
003879	18
003879	21
003880	11
003880	31
003892	15
003892	34
003910	14
003910	16
003919	20
003919	40
003920	12
003920	12
003924	15
003924	29
003928	22
003928	20
003928	24
003928	35
003934	202
003934	310
003935	18
003935	30
003967	13
003967	41
003974	10
003974	57
003981	12
003981	19
003990	23
003990	19
003990	11
003990	11
003990	14
003990	21
003993	27
003993	33
004002	10
004002	12
004012	37
004012	38
004020	11
004020	13
004021	11
004021	12
004046	23
004046	18
004046	27
004048	16
004048	12
004061	13
004061	14
004083	56
004083	24
004083	14
004083	60
004093	26
004093	29
004127	27
004127	19
004130	26
004130	32
004131	12
004131	13
004140	20
004140	46
004141	30
004141	117
004143	12
004143	11
004143	11
004143	38
004144	12
004144	13
004144	18
004144	41
004151	33
004151	40
004154	34
004154	64
004162	16
004162	16
004162	11
004164	25
004164	33
004166	13
004166	18
004168	27
004168	81
004183	15
004183	20
004192	29
004192	30
004197	15
004197	14
004197	15
004197	22
004200	13
004200	15
004200	14
004200	11
004200	22
004202	10
004202	28
004205	19
004205	43
004228	24
004228	26
004236	43
004236	52
004243	26
004243	39
004245	30
004245	37
004245	35
004245	29
004245	29
004245	34
004246	33
004246	34
004246	20
004246	30
004259	24
004259	30
004260	22
004260	30
004268	180
004268	159
004268	151
004268	96
004268	213
004280	24
004280	11
004280	42
004283	14
004283	39
004296	14
004296	24
004297	10
004297	11
004307	16
004307	15
004308	12
004308	12
004308	11
004308	10
004308	13
004316	37
004316	11
004316	69
004321	34
004321	48
004342	31
004342	16
004342	41
004344	12
004344	60
004350	10
004350	11
004356	12
004356	11
004360	10
004360	14
006011	11
006011	13
006011	31
006012	15
006012	168
006023	10
006023	19
006026	124
006026	180
006045	95
006045	600
006046	25
006046	160
006052	11
006052	17
006056	13
006056	12
006056	23
006062	23
006062	18
006064	18
006064	14
006068	83
006068	265
006073	22
006073	265
006075	25
006075	28
006088	12
006088	20
006088	74
006099	18
006099	24
006099	16
006099	51
006099	15
006099	81
006099	82
006102	16
006102	19
006105	13
006105	61
006106	12
006106	44
006107	18
006107	13
006107	52
006119	11
006119	10
006119	17
006136	15
006136	12
006137	26
006137	72
006137	16
006144	104
006144	55
006145	10
006145	14
006146	12
006146	14
006147	14
006147	34
006147	20
006151	12
006151	13
006151	29
006151	39
006153	13
006153	22
006153	12
006154	36
006154	30
006160	35
006160	19
006166	29
006166	20
006171	20
006171	43
006171	11
006171	22
006182	129
006182	27
006187	174
006187	479
006198	24
006198	10
006198	26
006198	22
006202	38
006202	38
006206	13
006206	68
006210	281
006210	125
006212	111
006212	63
006212	353
006216	14
006216	17
006228	14
006228	11
006228	24
006230	24
006230	21
006232	15
006232	20
006232	18
006248	10
006248	25
006250	65
006250	49
006254	14
006254	11
006266	23
006266	24
006267	13
006267	14
006277	13
006277	14
006277	20
006277	72
006286	12
006286	11
006298	22
006298	10
006310	14
006310	20
006310	23
006312	15
006312	23
006316	12
006316	12
006316	12
006317	15
006317	15
006317	18
006317	15
006322	16
006322	10
006322	29
006323	29
006323	11
006331	26
006331	27
006339	16
006339	89
006346	26
006346	17
006349	33
006349	52
006350	20
006350	26
006361	12
006361	41
006362	23
006362	15
006365	11
006365	11
006365	23
006399	11
006399	12
006399	15
006408	12
006408	11
006408	16
006419	47
006419	17
006423	10
006423	33
006429	24
006429	52
006429	13
006432	12
006432	16
006442	13
006442	29
006446	12
006446	28
006448	13
006448	20
006463	19
006463	19
006467	14
006467	29
006477	16
006477	17
006477	11
006477	16
006477	41
006477	21
006477	15
006477	12
006489	14
006489	36
006493	11
006493	21
006495	12
006495	27
006508	21
006508	12
006508	28
006515	14
006515	28
006515	21
006517	10
006517	23
006535	16
006535	54
006541	23
006541	13
006545	90
006545	113
006557	17
006557	38
006560	12
006560	15
006563	20
006563	17
006569	13
006569	13
006569	15
006575	10
006575	16
006577	10
006577	18
006585	12
006585	11
006587	19
006587	23
006602	16
006602	30
006608	15
006608	19
006609	15
006609	17
006614	41
006614	44
006618	30
006618	53
006620	12
006620	76
006638	17
006638	40
006647	16
006647	13
006647	28
006651	32
006651	20
006654	16
006654	11
006659	21
006659	18
006662	18
006662	11
006674	12
006674	11
006676	12
006676	15
006686	15
006686	14
006686	48
006726	38
006726	15
006737	17
006737	10
006743	27
006743	14
006754	12
006754	16
006755	22
006755	47
006763	22
006763	32
006765	26
006765	23
006766	11
006766	11
006766	27
006766	26
006766	13
006766	13
006766	36
006768	19
006768	10
006768	36
006772	15
006772	14
006772	28
006778	13
006778	21
006782	15
006782	29
006783	12
006783	14
006787	16
006787	13
006793	13
006793	15
006800	15
006800	12
006800	66
006802	44
006802	14
006803	16
006803	13
006803	11
006806	48
006806	19
006814	35
006814	35
006833	14
006833	33
006870	28
006870	17
006874	71
006874	30
006882	16
006882	10
006882	25
006900	25
006900	14
006902	44
006902	15
006904	48
006904	14
006904	58
006907	61
006907	55
006930	13
006930	17
006934	14
006934	72
006943	28
006943	11
006943	13
006943	50
006949	33
006949	448
006954	41
006954	35
006954	22
006954	46
006957	46
006957	27
006957	10
006957	11
006957	10
006957	48
006960	11
006960	25
006963	13
006963	29
006969	24
006969	10
006996	13
006996	22
007000	10
007000	15
007002	11
007002	13
007006	22
007006	17
007006	57
007008	13
007008	12
007012	24
007012	21
007015	15
007015	10
007024	38
007024	26
007042	11
007042	11
007045	16
007045	12
007048	22
007048	19
007057	11
007057	24
007057	17
007061	46
007061	265
007063	13
007063	14
007078	12
007078	10
007080	10
007080	12
007080	12
007083	14
007083	11
007083	16
007098	166
007098	212
007103	46
007103	84
007103	64
007111	18
007111	56
007114	42
007114	56
007130	17
007130	11
007130	31
007133	13
007133	15
007138	29
007138	13
007153	13
007153	15
007156	13
007156	14
007157	12
007157	12
007158	17
007158	32
007158	23
007161	69
007161	56
007163	11
007163	11
007167	27
007167	11
007181	15
007181	16
007181	65
007184	10
007184	13
007184	40
007191	13
007191	14
007191	21
007191	12
007191	15
007193	72
007193	15
007193	272
007194	33
007194	39
007197	13
007197	10
007197	15
007198	12
007198	13
007200	13
007200	28
007224	37
007224	33
007224	23
007228	34
007228	36
007228	37
007235	37
007235	41
007235	34
007237	14
007237	10
007243	12
007243	12
007247	26
007247	31
007249	17
007249	22
007254	23
007254	23
007270	11
007270	13
007271	49
007271	209
007284	12
007284	13
007284	17
007294	20
007294	17
007297	16
007297	11
007297	55
007298	20
007298	103
007299	163
007299	160
007302	17
007302	11
007307	42
007307	12
007311	11
007311	14
007315	15
007315	25
007329	159
007329	85
007329	34
007329	315
007340	17
007340	22
007343	28
007343	41
007343	29
007349	22
007349	51
007352	26
007352	177
007355	11
007355	19
007359	17
007359	10
007362	19
007362	67
007364	31
007364	13
007374	16
007374	12
007374	33
007375	12
007375	19
007375	20
007375	11
007375	15
007376	34
007376	18
007380	11
007380	17
007380	13
007381	21
007381	51
007382	14
007382	18
007382	21
007385	83
007385	262
007395	14
007395	24
007410	14
007410	15
007414	18
007414	11
007417	14
007417	10
007417	13
007418	15
007418	36
007426	10
007426	12
007426	12
007444	19
007444	25
007463	20
007463	94
007464	103
007464	56
007466	10
007466	19
007480	45
007480	65
007482	10
007482	16
007488	36
007488	24
007493	22
007493	18
007497	18
007497	53
007497	20
007499	20
007499	42
007505	12
007505	12
007505	16
007505	22
007507	34
007507	10
007507	10
007507	67
007510	12
007510	13
007513	10
007513	20
007520	30
007520	10
007521	29
007521	26
007529	32
007529	36
007529	24
007529	13
007529	14
007529	10
007531	47
007531	34
007534	14
007534	50
007536	45
007536	18
007536	27
007537	49
007537	30
007545	19
007545	28
007548	27
007548	10
007549	17
007549	12
007550	48
007550	38
007554	14
007554	12
007555	16
007555	14
007555	10
007555	11
007555	13
007558	11
007558	10
007558	11
007564	11
007564	18
007564	18
007580	12
007580	13
007580	17
007583	12
007583	65
007583	12
007596	11
007596	26
007608	18
007608	25
007611	20
007611	17
007626	13
007626	11
007628	16
007628	18
007628	28
007635	17
007635	19
007635	17
007650	11
007650	22
007650	16
007650	10
007651	12
007651	13
007659	36
007659	14
007660	15
007660	21
007660	12
007662	55
007662	82
007672	13
007672	10
007673	20
007673	10
007678	25
007678	26
007679	10
007679	10
007679	26
007689	115
007689	61
007697	14
007697	21
007697	15
007697	16
007702	21
007702	25
007707	19
007707	16
007707	11
007710	21
007710	18
007716	29
007716	16
007716	24
007717	128
007717	112
007724	17
007724	12
007724	13
007728	212
007728	239
007728	173
007738	72
007738	11
007750	13
007750	13
007778	19
007778	16
007778	19
007806	154
007806	122
007812	39
007812	44
007818	64
007818	105
007831	24
007831	16
007842	19
007842	15
007843	18
007843	28
007852	29
007852	31
007852	30
007852	12
007870	366
007870	28
007870	668
007881	17
007881	115
007894	12
007894	44
007899	13
007899	15
007910	16
007910	24
007915	21
007915	26
007919	13
007919	15
007919	17
007926	11
007926	11
007928	14
007928	17
007934	19
007934	27
007937	19
007937	15
007938	12
007938	18
007959	33
007959	33
007963	11
007963	13
007968	40
007968	40
007969	41
007969	48
007971	36
007971	33
007972	33
007972	28
007972	32
007972	33
007973	18
007973	20
007975	26
007975	26
007975	30
007975	23
007975	31
007986	34
007986	32
007995	34
007995	11
007995	23
007996	16
007996	75
007999	12
007999	10
008003	10
008003	15
008017	26
008017	28
008018	11
008018	10
008025	17
008025	33
008026	33
008026	32
008026	34
008026	34
008027	11
008027	23
008027	14
008032	34
008032	26
008032	25
008032	40
008033	30
008033	33
008033	32
008043	15
008043	41
008051	21
008051	13
008052	12
008052	14
008054	53
008054	11
008054	29
008054	18
008061	42
008061	38
008064	13
008064	21
008064	12
008064	26
008064	37
008064	31
008080	22
008080	16
008082	79
008082	26
008083	12
008083	38
008094	16
008094	15
008094	32
008096	12
008096	12
008108	13
008108	12
008108	19
008110	16
008110	35
008110	63
008110	29
008122	58
008122	54
008122	23
008123	24
008123	13
008125	12
008125	49
008128	57
008128	20
008131	19
008131	10
008131	10
008131	31
008133	42
008133	20
008133	11
008133	51
008133	13
008133	68
008137	11
008137	12
008142	25
008142	60
008142	70
008142	71
008166	13
008166	10
008166	198
008178	17
008178	10
008181	48
008181	29
008181	68
008191	11
008191	13
008192	11
008192	11
008193	32
008193	15
008194	14
008194	14
008194	14
008196	14
008196	16
008196	20
008198	11
008198	11
008198	10
008198	11
008198	10
008199	14
008199	17
008212	10
008212	18
008214	10
008214	15
008222	32
008222	18
008226	31
008226	24
008229	13
008229	25
008236	21
008236	12
008236	12
008241	159
008241	190
008245	27
008245	12
008253	11
008253	14
008258	18
008258	12
008258	16
008258	18
008264	35
008264	22
008264	38
008272	10
008272	11
008273	27
008273	17
008278	16
008278	13
008278	24
008281	16
008281	21
008281	22
008284	11
008284	20
008288	16
008288	12
008288	30
008289	10
008289	11
008303	25
008303	23
008305	11
008305	22
008319	34
008319	16
008324	68
008324	24
008337	10
008337	11
008339	14
008339	19
008339	19
008340	14
008340	31
008342	14
008342	13
008344	13
008344	17
008346	12
008346	13
008355	72
008355	121
008355	76
008356	25
008356	28
008357	109
008357	135
008363	42
008363	36
008375	23
008375	11
008393	24
008393	26
008394	21
008394	22
008405	10
008405	14
008409	35
008409	39
008409	30
008409	22
008409	34
008409	32
008411	13
008411	16
008412	12
008412	16
008414	27
008414	26
008414	31
008414	28
008414	30
008414	35
008443	11
008443	137
008464	65
008464	53
008464	57
008465	89
008465	38
008469	16
008469	10
008469	27
008470	20
008470	31
008472	11
008472	14
008475	175
008475	155
008475	175
008493	10
008493	281
008499	31
008499	56
008499	12
008499	43
008511	25
008511	31
008515	14
008515	17
008515	13
008519	18
008519	19
008519	19
008523	15
008523	21
008524	22
008524	15
008530	19
008530	32
008538	47
008538	26
008538	74
008540	14
008540	34
008540	39
008547	16
008547	27
008561	13
008561	72
008561	16
008562	11
008562	13
008562	11
008576	14
008576	11
008580	21
008580	16
008580	88
008582	59
008582	82
008588	12
008588	12
008588	11
008588	13
008590	20
008590	22
008590	12
008590	28
008594	18
008594	17
008594	27
008596	11
008596	15
008603	26
008603	25
008603	53
008611	22
008611	297
008613	12
008613	12
008613	29
008614	14
008614	13
008614	15
008618	55
008618	36
008618	64
008619	14
008619	58
008620	16
008620	11
008620	66
008621	66
008621	34
008621	72
008622	29
008622	58
008625	39
008625	47
008637	12
008637	13
008642	34
008642	67
008694	42
008694	36
009001	12
009001	43
009008	12
009008	21
009017	11
009017	20
009056	22
009056	56
009070	21
009070	10
009077	27
009077	17
009077	58
009100	20
009100	52
009101	13
009101	48
009104	20
009104	31
009104	37
009104	13
009107	10
009107	11
009108	35
009108	36
009108	36
009108	32
009108	29
009111	20
009111	20
009113	14
009113	14
009117	13
009117	13
009118	22
009118	16
009121	20
009121	12
009121	78
009140	11
009140	11
009145	20
009145	23
009145	31
009150	26
009150	64
009170	30
009170	37
009180	15
009180	15
009180	17
009188	10
009188	14
009196	13
009196	17
009197	12
009197	10
009197	14
009202	11
009202	10
009203	12
009203	19
009209	13
009209	18
009211	26
009211	17
009214	14
009214	26
009215	17
009215	16
009218	13
009218	14
009221	14
009221	22
009228	21
009228	30
009228	20
009229	18
009229	14
009229	16
009251	67
009251	23
009254	13
009254	13
009254	13
009255	38
009255	22
009255	35
009255	38
009255	25
009255	43
009257	48
009257	57
009257	69
009258	13
009258	11
009258	12
009264	61
009264	49
009264	15
009267	14
009267	13
009270	16
009270	15
009270	24
009272	11
009272	16
009272	36
009272	81
009277	14
009277	30
009283	17
009283	62
009284	13
009284	48
009288	19
009288	22
009291	19
009291	23
009293	10
009293	11
009309	491
009309	258
009309	153
009309	235
009338	30
009338	15
009338	14
009355	14
009355	47
009356	14
009356	44
009356	20
009358	20
009358	27
009366	277
009366	19
009382	55
009382	27
009386	38
009386	71
009386	16
009389	344
009389	157
009406	38
009406	39
009406	38
009410	17
009410	21
009414	32
009414	45
009414	32
009414	46
009415	34
009415	35
009415	42
009415	39
009420	43
009420	19
009420	134
009421	14
009421	23
009421	73
009421	431
009425	26
009425	25
009425	16
009425	42
009433	25
009433	34
009438	36
009438	63
009448	15
009448	17
009449	20
009449	19
009455	15
009455	25
009455	41
009456	12
009456	12
009456	21
009480	26
009480	34
009499	52
009499	24
009505	11
009505	13
009514	13
009514	19
009514	18
009514	19
009518	16
009518	16
009521	79
009521	41
009542	16
009542	24
009545	41
009545	66
009545	33
009557	12
009557	46
009564	30
009564	34
009565	18
009565	19
009567	37
009567	35
009567	34
009567	35
009567	33
009567	33
009567	27
009567	33
009567	28
009567	29
009567	30
009567	29
009567	38
009569	34
009569	27
009569	31
009569	35
009569	31
009585	10
009585	15
009586	10
009586	35
009590	24
009590	211
009595	21
009595	25
009619	25
009619	31
009630	25
009630	32
009641	11
009641	22
009651	12
009651	18
009673	11
009673	16
009680	22
009680	135
009682	26
009682	25
009682	40
009687	25
009687	40
009687	37
009689	24
009689	15
009689	26
009731	21
009731	27
009754	26
009754	24
009754	34
009754	16
009754	33
009755	96
009755	345
009757	20
009757	39
009757	60
009757	12
009760	18
009760	20
009761	24
009761	39
009769	20
009769	21
009773	16
009773	34
009774	19
009774	11
009774	18
009777	13
009777	21
009786	12
009786	22
009805	11
009805	24
009814	15
009814	49
009826	27
009826	39
009849	12
009849	24
009853	11
009853	17
009854	11
009854	11
009871	16
009871	13
009871	14
009871	15
009873	12
009873	16
009873	394
009876	13
009876	25
009880	35
009880	51
009888	11
009888	15
009888	11
009888	12
009892	18
009892	23
009896	12
009896	23
009900	19
009900	17
009901	22
009901	10
009902	27
009902	14
009902	21
009917	28
009917	15
009923	12
009923	18
009926	11
009926	15
009928	23
009928	67
009938	20
009938	21
009938	11
009938	19
009940	31
009940	51
009941	11
009941	11
009941	20
009966	21
009966	29
009971	23
009971	25
009972	28
009972	29
009972	36
009974	23
009974	46
009975	25
009975	34
009975	44
009978	50
009978	13
009978	24
009980	34
009980	29
009983	16
009983	21
009984	18
009984	13
009984	16
009985	15
009985	12
009990	11
009990	12
009990	14
009991	38
009991	16
009994	44
009994	26
009998	23
009998	11
009998	26
010002	58
010002	28
010013	10
010013	16
010018	10
010018	16
010019	23
010019	20
010019	17
010019	75
010032	13
010032	13
010032	15
010043	12
010043	40
010080	32
010080	13
010080	74
010091	21
010091	18
010091	12
010091	23
010108	299
010108	552
010114	14
010114	14
010136	13
010136	15
010138	348
010138	312
010138	271
010138	357
010157	11
010157	17
010157	15
010166	11
010166	14
010167	10
010167	11
010176	24
010176	34
010185	23
010185	19
010185	26
010189	84
010189	150
010215	14
010215	17
010217	35
010217	35
010217	32
010217	83
010219	13
010219	30
010225	27
010225	51
010227	28
010227	37
010230	11
010230	11
010230	15
010237	17
010237	35
010238	12
010238	13
010257	18
010257	24
010258	11
010258	15
010259	21
010259	23
010261	14
010261	12
010261	27
010262	10
010262	36
010264	15
010264	24
010268	35
010268	62
010278	28
010278	26
010278	16
010278	37
010287	13
010287	15
010293	14
010293	26
010301	12
010301	18
010313	11
010313	162
010317	14
010317	20
010326	10
010326	14
010331	32
010331	31
010331	36
010345	23
010345	15
010345	24
010349	43
010349	12
010349	44
010352	44
010352	18
010352	55
010355	10
010355	16
010361	15
010361	12
010361	16
010366	15
010366	17
010366	22
010370	40
010370	42
010371	10
010371	11
010372	30
010372	26
010372	12
010372	15
010382	12
010382	19
010383	13
010383	25
010386	57
010386	344
010391	12
010391	16
010391	14
010396	14
010396	46
010406	20
010406	16
010406	25
010406	23
010410	20
010410	66
010411	15
010411	25
010413	29
010413	11
010413	61
010416	14
010416	11
010416	22
010426	30
010426	28
010426	52
010431	23
010431	10
010431	35
010443	16
010443	39
010444	14
010444	22
010449	15
010449	17
010455	24
010455	12
010455	26
010471	12
010471	14
010474	13
010474	22
010479	28
010479	34
010479	18
010479	32
010483	10
010483	23
010489	26
010489	26
010489	23
010489	23
010489	25
010489	26
010496	12
010496	16
010499	14
010499	28
010502	20
010502	13
010502	29
010505	21
010505	19
010505	25
010883	33
010883	20
010883	15
010883	42
010885	33
010885	55
010891	42
010891	58
010904	16
010904	32
010912	22
010912	38
010927	10
010927	21
010931	13
010931	14
010932	13
010932	23
010933	12
010933	14
010938	12
010938	33
010939	13
010939	19
01093A	13
01093A	99
010944	15
010944	13
010944	65
010945	42
010945	46
01094A	32
01094A	33
010961	73
010961	97
010963	11
010963	14
01096A	36
01096A	29
01096A	28
01096A	36
01096A	36
01096A	29
01096A	37
01096A	39
01096A	30
01096A	30
010974	27
010974	156
010979	70
010979	40
010979	86
010982	12
010982	15
010984	13
010984	16
010986	19
010986	36
010988	20
010988	27
010990	24
010990	59
011003	15
011003	11
011003	10
011003	10
011003	308
011009	63
011009	74
011027	14
011027	11
011027	16
011028	12
011028	138
011032	12
011032	31
011035	13
011035	14
011037	14
011037	30
011039	14
011039	11
011039	16
011043	14
011043	14
011047	13
011047	25
011049	14
011049	16
011052	11
011052	20
011053	28
011053	31
011054	19
011054	19
011054	24
011054	24
011060	84
011060	14
011066	106
011066	163
011084	11
011084	12
011100	14
011100	22
011102	11
011102	21
011108	12
011108	12
011111	12
011111	16
011128	17
011128	19
011130	10
011130	11
011135	28
011135	19
011135	34
011140	15
011140	15
011144	72
011144	19
011144	18
011144	273
011155	12
011155	20
011161	15
011161	17
011166	14
011166	23
011168	23
011168	18
011168	12
011168	60
011171	26
011171	47
011173	13
011173	14
011178	11
011178	34
011179	45
011179	16
011187	14
011187	16
011194	50
011194	295
011199	10
011199	40
011206	18
011206	11
011206	14
011206	13
011206	19
011213	22
011213	29
011219	60
011219	45
011219	19
011219	15
011219	14
011219	14
011219	80
011222	12
011222	40
011223	38
011223	31
011223	29
011223	38
011237	28
011237	13
011237	11
011237	48
011238	13
011238	15
011243	21
011243	63
011250	34
011250	13
011250	68
011252	16
011252	26
011259	37
011259	38
011273	24
011273	13
011273	52
011279	25
011279	72
011283	11
011283	15
011303	33
011303	98
011307	29
011307	16
011307	232
011311	21
011311	11
011311	11
011311	42
011329	39
011329	39
011329	38
011329	36
011329	31
011329	45
011337	20
011337	41
011339	28
011339	92
011341	19
011341	151
011375	19
011375	15
011375	15
011375	12
011375	26
011381	119
011381	521
011382	11
011382	33
011397	29
011397	16
011402	14
011402	24
011406	14
011406	12
011406	26
011409	33
011409	28
011409	24
